DATASETS/CharacterTrajectories_CUTTED
[[1.00925926 0.84043813 0.56480421]
 [0.84043813 1.00925926 0.29617288]
 [0.56480421 0.29617288 1.00925926]]
DATASETS/uWave
[[1.00318471 0.47707223 0.91195549]
 [0.47707223 1.00318471 0.33884181]
 [0.91195549 0.33884181 1.00318471]]
DATASETS/Libras
[[1.02272727 0.97869438]
 [0.97869438 1.02272727]]
DATASETS/Pendigits
[[1.14285714 0.32140427]
 [0.32140427 1.14285714]]
DATASETS/ECG_CUTTED
[[1.02631579 0.18219315]
 [0.18219315 1.02631579]]
DATASETS/AUSLAN_CUTTED_CONST_ELIMINATED
[[1.02272727 0.86313903 0.58772316 0.64739621 0.9242084  0.00546238
  0.20124504 0.88608782 0.35915383 0.76039575 0.05672308 0.95846146
  0.89093554 0.62357412 0.21658157 0.96848874 0.08124396 0.55368791
  0.88437848 0.9516247  0.91835843 0.05019954]
 [0.86313903 1.02272727 0.91147291 0.60583566 1.00462925 0.52085625
  0.09580092 0.79942339 0.24949067 0.95767539 0.37953882 0.78880073
  1.01782725 0.95331863 0.35968239 0.98844131 0.40757657 0.71926236
  0.69814783 0.98400408 0.80209252 0.41960041]
 [0.58772316 0.91147291 1.02272727 0.50895699 0.87271917 0.7111483
  0.0932604  0.65715753 0.07730336 0.87044202 0.4277701  0.54615552
  0.88204161 0.9701792  0.3258436  0.79867906 0.57013282 0.77703462
  0.53277859 0.82802535 0.64409205 0.4927416 ]
 [0.64739621 0.60583566 0.50895699 1.02272727 0.60808645 0.12108421
  0.03845544 0.84628045 0.20097588 0.3867642  0.43953191 0.56250557
  0.58357155 0.45798149 0.48531947 0.62851514 0.30195532 0.36637826
  0.79901629 0.64922604 0.77418147 0.36665751]
 [0.9242084  1.00462925 0.87271917 0.60808645 1.02272727 0.40046761
  0.10270578 0.85283264 0.27944576 0.95306607 0.33234362 0.88054884
  1.01283357 0.88982283 0.36740407 1.01245609 0.28616975 0.76138044
  0.79047736 1.01487656 0.88021446 0.35476143]
 [0.00546238 0.52085625 0.7111483  0.12108421 0.40046761 1.02272727
  0.12198007 0.0399142  0.11561775 0.61623983 0.81011447 0.02479322
  0.48554366 0.779974   0.55158887 0.30440172 0.99803361 0.44382168
  0.20937056 0.30629124 0.05049075 0.86938779]
 [0.20124504 0.09580092 0.0932604  0.03845544 0.10270578 0.12198007
  1.02272727 0.10083853 0.90059781 0.07017816 0.08410741 0.08283207
  0.09268139 0.05673911 0.0959888  0.13919532 0.08252984 0.10046367
  0.02393162 0.09573794 0.03852698 0.08969531]
 [0.88608782 0.79942339 0.65715753 0.84628045 0.85283264 0.0399142
  0.10083853 1.02272727 0.31985183 0.66280592 0.20737451 0.8496941
  0.80284558 0.59728008 0.02756468 0.86760184 0.19460716 0.6600429
  0.97588842 0.9011014  0.97629703 0.1801259 ]
 [0.35915383 0.24949067 0.07730336 0.20097588 0.27944576 0.11561775
  0.90059781 0.31985183 1.02272727 0.22415095 0.10454902 0.25745096
  0.25187154 0.07365139 0.08414797 0.31217825 0.10869131 0.25884483
  0.25169003 0.29081038 0.27282511 0.10595336]
 [0.76039575 0.95767539 0.87044202 0.3867642  0.95306607 0.61623983
  0.07017816 0.66280592 0.22415095 1.02272727 0.61628266 0.76767912
  0.97033899 0.92989039 0.56383382 0.91740358 0.53032772 0.82506441
  0.58554815 0.92853212 0.72048578 0.63961787]
 [0.05672308 0.37953882 0.4277701  0.43953191 0.33234362 0.81011447
  0.08410741 0.20737451 0.10454902 0.61628266 1.02272727 0.13155477
  0.39658996 0.54880186 0.8317634  0.26988244 0.86282326 0.37555907
  0.23768492 0.25409096 0.07107052 1.0114503 ]
 [0.95846146 0.78880073 0.54615552 0.56250557 0.88054884 0.02479322
  0.08283207 0.8496941  0.25745096 0.76767912 0.13155477 1.02272727
  0.83418887 0.55849054 0.28733227 0.91069361 0.11613842 0.63702411
  0.89587569 0.91362597 0.92730779 0.10469923]
 [0.89093554 1.01782725 0.88204161 0.58357155 1.01283357 0.48554366
  0.09268139 0.80284558 0.25187154 0.97033899 0.39658996 0.83418887
  1.02272727 0.93245984 0.39282947 1.0019228  0.37974047 0.72931093
  0.71734314 0.99670587 0.81955221 0.42665604]
 [0.62357412 0.95331863 0.9701792  0.45798149 0.88982283 0.779974
  0.05673911 0.59728008 0.07365139 0.92989039 0.54880186 0.55849054
  0.93245984 1.02272727 0.42160912 0.8350653  0.67139393 0.71090983
  0.45304006 0.84105426 0.5858309  0.61216125]
 [0.21658157 0.35968239 0.3258436  0.48531947 0.36740407 0.55158887
  0.0959888  0.02756468 0.08414797 0.56383382 0.8317634  0.28733227
  0.39282947 0.42160912 1.02272727 0.33424444 0.62794217 0.36810268
  0.0404287  0.33286856 0.07725991 0.77565469]
 [0.96848874 0.98844131 0.79867906 0.62851514 1.01245609 0.30440172
  0.13919532 0.86760184 0.31217825 0.91740358 0.26988244 0.91069361
  1.0019228  0.8350653  0.33424444 1.02272727 0.20113093 0.68571544
  0.81748628 1.01348412 0.8952914  0.2842006 ]
 [0.08124396 0.40757657 0.57013282 0.30195532 0.28616975 0.99803361
  0.08252984 0.19460716 0.10869131 0.53032772 0.86282326 0.11613842
  0.37974047 0.67139393 0.62794217 0.20113093 1.02272727 0.31788556
  0.36009725 0.18882184 0.20042117 0.90660619]
 [0.55368791 0.71926236 0.77703462 0.36637826 0.76138044 0.44382168
  0.10046367 0.6600429  0.25884483 0.82506441 0.37555907 0.63702411
  0.72931093 0.71090983 0.36810268 0.68571544 0.31788556 1.02272727
  0.59552772 0.75661199 0.68622491 0.39835512]
 [0.88437848 0.69814783 0.53277859 0.79901629 0.79047736 0.20937056
  0.02393162 0.97588842 0.25169003 0.58554815 0.23768492 0.89587569
  0.71734314 0.45304006 0.0404287  0.81748628 0.36009725 0.59552772
  1.02272727 0.849993   1.00491669 0.23974645]
 [0.9516247  0.98400408 0.82802535 0.64922604 1.01487656 0.30629124
  0.09573794 0.9011014  0.29081038 0.92853212 0.25409096 0.91362597
  0.99670587 0.84105426 0.33286856 1.01348412 0.18882184 0.75661199
  0.849993   1.02272727 0.92700155 0.27293911]
 [0.91835843 0.80209252 0.64409205 0.77418147 0.88021446 0.05049075
  0.03852698 0.97629703 0.27282511 0.72048578 0.07107052 0.92730779
  0.81955221 0.5858309  0.07725991 0.8952914  0.20042117 0.68622491
  1.00491669 0.92700155 1.02272727 0.06521649]
 [0.05019954 0.41960041 0.4927416  0.36665751 0.35476143 0.86938779
  0.08969531 0.1801259  0.10595336 0.63961787 1.0114503  0.10469923
  0.42665604 0.61216125 0.77565469 0.2842006  0.90660619 0.39835512
  0.23974645 0.27293911 0.06521649 1.02272727]]
DATASETS/JapaneseVowels_CUTTED_CONST_ELIMINATED
[[1.16666667 0.51217758 0.55580863 0.24625827 0.85981973 0.86399896
  0.34498818 1.03381489 0.25617433 0.41449343 0.18710573 0.31417239]
 [0.51217758 1.16666667 0.34538542 0.80973534 0.16390245 1.05523
  0.98222937 0.60418981 0.9572658  0.10000723 0.55832395 0.45414375]
 [0.55580863 0.34538542 1.16666667 0.38690712 0.71030601 0.6223303
  0.00434714 0.93193271 0.2782802  1.059827   0.63474954 0.82412354]
 [0.24625827 0.80973534 0.38690712 1.16666667 0.90103187 0.44303796
  0.75009005 0.27163411 0.96591623 0.59652747 1.049386   1.00707563]
 [0.85981973 0.16390245 0.71030601 0.90103187 1.16666667 0.30972494
  0.33036445 0.8766995  0.55347132 0.81038344 0.86956868 0.95514868]
 [0.86399896 1.05523    0.6223303  0.44303796 0.30972494 1.16666667
  0.76747784 0.94261936 0.69240007 0.39148738 0.2607556  0.07664264]
 [0.34498818 0.98222937 0.00434714 0.75009005 0.33036445 0.76747784
  1.16666667 0.36034917 1.05636516 0.15850119 0.55895962 0.6168915 ]
 [1.03381489 0.60418981 0.93193271 0.27163411 0.8766995  0.94261936
  0.36034917 1.16666667 0.11543421 0.82346837 0.40855911 0.5725477 ]
 [0.25617433 0.9572658  0.2782802  0.96591623 0.55347132 0.69240007
  1.05636516 0.11543421 1.16666667 0.53300532 0.9013162  0.92466109]
 [0.41449343 0.10000723 1.059827   0.59652747 0.81038344 0.39148738
  0.15850119 0.82346837 0.53300532 1.16666667 0.89240191 1.00778167]
 [0.18710573 0.55832395 0.63474954 1.049386   0.86956868 0.2607556
  0.55895962 0.40855911 0.9013162  0.89240191 1.16666667 1.10580971]
 [0.31417239 0.45414375 0.82412354 1.00707563 0.95514868 0.07664264
  0.6168915  0.5725477  0.92466109 1.00778167 1.10580971 1.16666667]]
DATASETS/LP1_CONST_ELIMINATED
[[1.07142857 0.32434872 0.96519467 1.00665591 0.94672637 0.74704021]
 [0.32434872 1.07142857 0.21219099 0.54309291 0.34321303 0.20575762]
 [0.96519467 0.21219099 1.07142857 0.88296577 0.74936648 0.60037543]
 [1.00665591 0.54309291 0.88296577 1.07142857 0.89361267 0.52814658]
 [0.94672637 0.34321303 0.74936648 0.89361267 1.07142857 0.70066026]
 [0.74704021 0.20575762 0.60037543 0.52814658 0.70066026 1.07142857]]
DATASETS/LP2_CONST_ELIMINATED
[[1.07142857 0.0045883  0.85957618 0.06700635 1.0523237  0.65422298]
 [0.0045883  1.07142857 0.14895342 1.02705139 0.13540879 0.6483078 ]
 [0.85957618 0.14895342 1.07142857 0.11130199 0.76578349 0.24468357]
 [0.06700635 1.02705139 0.11130199 1.07142857 0.18896603 0.6860886 ]
 [1.0523237  0.13540879 0.76578349 0.18896603 1.07142857 0.77406475]
 [0.65422298 0.6483078  0.24468357 0.6860886  0.77406475 1.07142857]]
DATASETS/LP3_CONST_ELIMINATED
[[1.07142857 0.0045883  0.85957618 0.06700635 1.0523237  0.65422298]
 [0.0045883  1.07142857 0.14895342 1.02705139 0.13540879 0.6483078 ]
 [0.85957618 0.14895342 1.07142857 0.11130199 0.76578349 0.24468357]
 [0.06700635 1.02705139 0.11130199 1.07142857 0.18896603 0.6860886 ]
 [1.0523237  0.13540879 0.76578349 0.18896603 1.07142857 0.77406475]
 [0.65422298 0.6483078  0.24468357 0.6860886  0.77406475 1.07142857]]
DATASETS/LP4_CONST_ELIMINATED
[[1.07142857 0.04064325 0.1957375  0.071399   0.97861678 0.05737468]
 [0.04064325 1.07142857 0.14984909 1.05597117 0.06620725 0.02537629]
 [0.1957375  0.14984909 1.07142857 0.08026509 0.07058058 0.11625467]
 [0.071399   1.05597117 0.08026509 1.07142857 0.0397109  0.01698121]
 [0.97861678 0.06620725 0.07058058 0.0397109  1.07142857 0.0954943 ]
 [0.05737468 0.02537629 0.11625467 0.01698121 0.0954943  1.07142857]]
DATASETS/LP5_CONST_ELIMINATED
[[1.07142857 0.04064325 0.1957375  0.071399   0.97861678 0.05737468]
 [0.04064325 1.07142857 0.14984909 1.05597117 0.06620725 0.02537629]
 [0.1957375  0.14984909 1.07142857 0.08026509 0.07058058 0.11625467]
 [0.071399   1.05597117 0.08026509 1.07142857 0.0397109  0.01698121]
 [0.97861678 0.06620725 0.07058058 0.0397109  1.07142857 0.0954943 ]
 [0.05737468 0.02537629 0.11625467 0.01698121 0.0954943  1.07142857]]
DATASETS/Wafer_CUTTED_CONST_ELIMINATED
[[1.00970874 0.83696373 0.81857407 0.97538599 0.65152721 0.61441698]
 [0.83696373 1.00970874 1.00013871 0.94703701 0.66153047 0.36486418]
 [0.81857407 1.00013871 1.00970874 0.93546815 0.72092352 0.34130447]
 [0.97538599 0.94703701 0.93546815 1.00970874 0.66310709 0.5231288 ]
 [0.65152721 0.66153047 0.72092352 0.66310709 1.00970874 0.3228433 ]
 [0.61441698 0.36486418 0.34130447 0.5231288  0.3228433  1.00970874]]
DATASETS/AtrialFibrilation_FORMATED
[[1.00156495 0.06959517]
 [0.06959517 1.00156495]]
DATASETS/Epilepsy_FORMATED
[[1.00487805 0.00507391 0.32289122]
 [0.00507391 1.00487805 0.0454797 ]
 [0.32289122 0.0454797  1.00487805]]
DATASETS/ERing_FORMATED
[[1.015625   0.23619614 0.30960496 0.46712648]
 [0.23619614 1.015625   0.88973374 0.80105159]
 [0.30960496 0.88973374 1.015625   0.8876706 ]
 [0.46712648 0.80105159 0.8876706  1.015625  ]]
DATASETS/EthanolConcentration_FORMATED
[[1.00057143 0.97682852 0.98394678]
 [0.97682852 1.00057143 0.9903499 ]
 [0.98394678 0.9903499  1.00057143]]
DATASETS/StandWalkJump_FORMATED
[[1.00040016 0.16157684 0.05162251 0.2828224 ]
 [0.16157684 1.00040016 0.91659815 0.85107543]
 [0.05162251 0.91659815 1.00040016 0.95382891]
 [0.2828224  0.85107543 0.95382891 1.00040016]]
